dim 100 100 100
putbox 46 56 41 59 2 6 0.0 0.0 0.0 1.0
putbox 46 56 41 59 6 36 0.0 0.0 1.0 1.0
putbox 46 56 41 59 36 48 0.0 1.0 0.5 1.0
putbox 46 56 33 67 48 58 0.0 1.0 0.5 1.0
putbox 46 56 43 57 58 72 0.3 1.0 0.1 1.0
putbox 47 56 49 51 55 56 0.3 1.0 0.1 1.0
putbox 47 56 48 52 56 57 0.3 1.0 0.1 1.0
putbox 47 56 47 53 57 58 0.3 1.0 0.1 1.0
putbox 56 72 33 41 48 58 0.3 1.0 0.1 1.0
putbox 46 56 59 67 32 48 0.3 1.0 0.1 1.0
putbox 50 56 45 49 64 66 0.0 0.0 0.0 1.0
putbox 50 56 51 55 64 66 0.0 0.0 0.0 1.0
putellipsoid 75 37 56 6 6 9 0.0 1.0 0.0 1.0
cutellipsoid 75 37 56 5 5 8
putsphere 75 37 56 5 5 5 1.0 1.0 1.0 1.0
cutsphere 75 37 56 4 4 4
cutbox 70 82 30 58 59 65
putvoxel 74 35 53 1.0 0.0 0.0 1.0
putvoxel 75 36 54 1.0 0.0 0.0 1.0
putvoxel 76 37 55 1.0 0.0 0.0 1.0
putvoxel 77 38 56 1.0 0.0 0.0 1.0
putvoxel 78 39 57 1.0 0.0 0.0 1.0
putvoxel 79 40 58 1.0 0.0 0.0 1.0
cutvoxel 78 40 58
cutvoxel 77 40 58
cutvoxel 79 39 58
cutvoxel 78 39 58
putvoxel 80 41 59 1.0 0.0 0.0 1.0
putvoxel 81 42 60 1.0 0.0 0.0 1.0
putvoxel 82 43 61 1.0 0.0 0.0 1.0
putvoxel 83 44 62 1.0 0.0 0.0 1.0